P2
32 30
255
133 122 133 132 145 148 140 147 147 150
151 151 143 145 143 147 155 148 140 142
145 132 138 136 134 136 135 133 132 134
132 134 132 126 150 123 132 152 139 141
152 147 147 148 144 142 140 137 153 144
136 138 133 134 133 139 130 137 134 131
134 131 134 132 132 117 134 121 130 146
125 135 140 138 139 136 140 135 141 141
148 140 132 136 135 139 136 135 133 139
132 134 137 131 134 134 134 136 137 119
129 133 129 146 138 140 142 138 151 144
155 134 126 129 131 131 129 139 135 129
132 135 135 131 131 133 133 130 132 124
142 131 145 140 132 158 143 136 149 151
142 152 141 149 131 139 129 133 128 123
138 134 129 134 136 132 130 130 132 132
133 119 148 129 141 146 147 152 144 143
133 130 131 136 140 145 133 178 157 134
109 119 131 142 134 134 133 133 128 132
130 133 130 110 125 112 127 140 116 116
126 120 117 106 108 75 58 103 81 151
199 164 121 112 119 133 129 133 130 134
130 132 133 135 134 128 140 119 119 117
112 127 119 132 115 109 110 0 38 49
18 101 164 225 144 144 102 125 135 140
137 137 134 137 136 135 138 112 136 135
127 134 132 129 122 140 141 119 124 93
65 109 127 152 166 192 168 175 122 104
135 135 131 131 133 130 126 124 125 110
128 110 121 136 134 138 131 147 145 118
93 93 47 92 125 129 96 154 196 187
131 101 127 128 137 129 132 126 125 131
132 122 139 118 125 153 116 118 128 108
108 114 108 79 48 101 89 57 84 125
199 215 126 130 130 136 135 125 126 118
125 128 127 151 171 148 142 149 123 136
118 96 110 144 180 255 179 70 142 195
151 173 158 187 146 137 116 128 129 109
121 125 127 126 126 147 145 141 138 145
125 131 117 125 150 200 151 202 128 207
242 144 116 91 114 146 169 130 119 132
130 110 130 140 135 138 142 121 108 105
120 135 138 153 137 151 130 174 203 174
115 153 171 188 121 135 146 125 173 155
136 141 132 126 127 137 130 136 140 117
129 148 144 142 147 149 123 117 76 128
209 186 127 83 186 196 150 140 154 35
185 169 131 128 127 113 112 122 130 133
133 169 154 163 165 152 135 156 126 134
84 145 129 67 122 134 195 171 57 126
134 135 186 168 114 121 123 116 120 132
134 141 131 142 135 147 140 135 124 147
130 172 182 98 114 77 121 175 210 153
114 125 157 123 178 134 118 123 120 130
139 127 132 147 132 141 135 128 123 115
129 137 121 155 184 157 128 205 114 48
81 135 95 137 157 137 168 134 129 124
109 133 135 122 127 125 129 125 125 143
135 110 114 106 109 133 131 152 97 202
224 166 140 142 120 145 159 131 161 138
123 117 104 129 131 130 121 122 120 127
129 159 144 126 133 131 131 143 147 132
90 152 156 115 155 129 167 162 126 129
175 134 133 122 116 128 132 125 119 124
123 141 125 133 130 128 131 128 143 154
154 157 136 148 113 77 100 158 153 119
135 159 166 124 141 139 131 128 131 127
127 125 128 144 127 125 120 124 124 124
122 132 136 153 178 152 192 91 98 100
70 106 189 178 146 136 124 167 160 120
129 134 139 129 132 125 118 133 127 131
143 129 126 140 132 155 142 115 178 153
141 129 118 186 204 182 153 132 120 133
126 109 135 136 112 128 125 141 134 140
134 130 164 168 162 173 140 124 136 142
180 169 172 157 126 169 161 150 107 139
162 145 122 132 139 139 128 131 123 129
129 137 140 138 163 141 127 115 112 116
141 149 155 130 151 171 144 200 116 138
155 156 156 156 138 166 138 140 136 129
126 141 129 130 133 129 106 138 152 128
136 141 167 159 83 135 201 202 126 151
124 132 139 162 148 169 140 134 154 104
115 122 125 139 135 145 112 83 100 116
172 150 124 128 162 198 124 154 135 107
164 172 118 130 145 175 149 150 125 80
139 65 102 114 127 141 145 139 84 70
125 140 154 111 86 91 104 124 111 116
217 237 244 201 128 118 104 119 112 132
116 115 125 113 91 98 129 131 118 125
89 113 125 164 198 144 131 103 160 145
103 115 172 221 227 163 124 145 124 130
125 151 140 139 137 129 108 98 122 130
111 127 137 113 130 178 197 163 150 121
152 164 128 124 120 106 151 156 135 173
138 141 143 168 164 155 176 136 122 91

